Epoch	AverageEpRet	StdEpRet	MaxEpRet	MinEpRet	AverageTestEpRet	StdTestEpRet	MaxTestEpRet	MinTestEpRet	EpLen	TestEpLen	TotalEnvInteracts	AverageQVals	StdQVals	MaxQVals	MinQVals	LossPi	LossQ	Time
1	-69.06449	209.559	-1.9972353	-1311.2242	-152.64491	296.99463	18.832363	-984.65704	55.34722	340.3	3999	-3.1082962	1.3437984	1.4231669	-7.254468	2.0919867	0.4550047	104.83630847930908
2	-66.20069	115.457466	-1.8192288	-572.69385	-297.52634	321.89954	-3.3787277	-898.0697	53.851353	457.9	7999	-3.0346231	1.5587434	4.4746485	-6.874998	1.7126528	0.94981617	220.51106023788452
3	-34.28006	50.325882	-1.9170436	-239.58752	-123.49526	160.4471	-1.8239311	-492.47473	33.935184	215.2	11999	1.1971903	2.3792212	12.055221	-8.345611	-2.6747987	1.6179218	305.11586356163025
4	-62.89614	68.399994	-1.668712	-248.56908	-348.17123	261.78293	-5.9915657	-666.4061	96.6	548.7	15999	-1.791979	2.1604836	8.363251	-9.139365	1.0424751	0.6826088	432.60515427589417
5	-45.435608	67.932396	-2.241751	-390.38434	-146.2042	190.45499	-1.6298573	-483.63882	98.89189	320.8	19999	-6.50771	1.3595918	6.4267535	-15.145192	5.859102	0.65281886	534.5702836513519
6	-47.613087	83.32293	-2.0135279	-376.69937	-285.83105	320.90335	-3.639863	-821.8391	116.94444	514.2	23999	-8.033701	1.4379464	6.5873513	-13.801001	7.358039	1.0091504	657.668696641922
7	-36.379482	45.163643	-1.9804232	-210.59547	-102.55569	144.30522	-2.006661	-464.29837	81.05882	194.5	27999	-8.364753	1.3277097	6.668065	-13.239668	7.7598653	0.94593394	742.2170763015747
8	-25.842453	37.631912	-1.517665	-164.01208	-50.310905	48.750286	-2.0680907	-155.20807	62.16129	111.2	31999	-8.657985	1.135696	0.9037674	-13.462406	8.106098	0.874417	815.5605478286743
9	-21.572575	31.182571	-1.3088226	-168.31238	-95.52564	211.16754	-2.2921572	-724.3108	61.71642	219.7	35999	-8.438409	1.1446779	3.7435696	-13.870346	7.9001336	0.84878856	909.9334671497345
10	-25.02506	36.40256	1.4153513	-163.91936	-30.903158	73.67415	32.899822	-246.36465	69.58929	163.8	39999	-8.100519	1.1089193	4.595663	-20.053967	7.6047616	0.80575097	997.1737070083618
11	-21.183441	39.310257	-0.0057358015	-251.12154	-36.129597	57.786186	20.542542	-151.89256	52.342106	261.7	43999	-8.03184	0.96954525	3.3820753	-20.075493	7.5762277	0.73157084	1097.739402770996
12	-13.993358	22.89739	-1.3195895	-159.90155	-98.5873	194.50764	60.234314	-559.3234	28.431507	304.8	47999	-8.188827	0.98455256	12.042255	-19.635744	7.761798	0.7683049	1205.278964996338
13	-17.971964	28.312567	-1.5464665	-153.75677	-36.772667	64.85091	70.07157	-108.25921	35.715595	333.0	51999	-8.177772	0.9999674	2.715384	-13.728815	7.7587333	0.8031859	1317.263341665268
14	-13.725593	21.046831	-1.6453408	-141.80179	11.782251	72.47539	151.76625	-64.930885	32.312	296.8	55999	-8.16072	0.92936826	3.2629485	-12.645153	7.7503595	0.7828906	1419.1724698543549
15	-12.205973	21.619595	-1.5064639	-128.1288	7.245286	72.66127	140.52934	-113.303024	24.619633	249.2	59999	-8.005342	0.9154817	5.0183234	-14.271097	7.602951	0.771585	1512.019169330597
16	-20.43676	29.001074	-1.4983814	-148.5486	-32.121925	93.87302	127.38199	-267.73682	60.469696	193.7	63999	-7.8298926	0.94933116	4.552555	-12.448385	7.435819	0.7690594	1597.3466401100159
17	-13.585686	21.232487	-1.557173	-110.525955	-74.37215	102.871155	-2.362817	-366.90942	35.54717	205.8	67999	-7.764189	0.9412535	7.4344177	-16.240606	7.3918757	0.7609392	1684.919418334961
18	-13.902377	31.04733	-1.3939121	-272.0532	-3.878667	3.0147746	-1.6270522	-12.520354	36.0	2.4	71999	-7.797929	0.9461563	2.1603813	-12.350669	7.441591	0.7704739	1747.7731037139893
19	-11.648703	17.05283	-1.5902022	-85.18397	-98.13736	95.080696	-2.0136883	-265.741	25.554878	277.1	75999	-7.8444567	0.9348963	8.858629	-17.912493	7.5018053	0.7958657	1844.8768379688263
20	-9.674944	14.237012	-1.4086913	-101.30786	-96.72348	115.62618	-2.1544733	-297.97156	23.202312	130.3	79999	-7.841085	0.9390563	3.7173562	-13.630504	7.499199	0.80700463	1923.9396152496338
21	-11.101442	18.175318	-1.4728897	-126.65271	-37.15053	70.47094	60.282696	-214.5888	24.210844	286.4	83999	-7.710801	0.941629	3.00975	-12.698484	7.377994	0.78712374	2034.3279931545258
22	-10.672486	14.427539	-1.2112639	-66.46526	-46.461998	69.51025	-2.3935556	-220.28615	26.617449	93.4	87999	-7.5862556	0.8841935	2.1723037	-12.348993	7.2579923	0.7753166	2115.2216444015503
23	-9.907229	13.868126	-1.4349179	-69.66227	-16.651714	42.941006	71.27215	-90.25102	24.89375	316.0	91999	-7.456524	0.84394354	1.2382851	-14.339198	7.1298676	0.73821986	2235.790008544922
24	-11.193574	14.890868	-1.7944132	-76.40937	-51.640747	117.97658	47.790813	-389.48734	28.977272	141.5	95999	-7.281409	0.8100795	2.7010298	-13.615767	6.9689445	0.7075274	2334.1113221645355
25	-8.516607	12.010668	-1.5226642	-88.66782	-16.386402	32.870934	8.416872	-109.4573	22.446236	48.6	99999	-7.1269608	0.7927949	1.3393693	-12.130661	6.813826	0.6768151	2418.8974239826202
26	-8.624311	12.954101	-1.1182947	-77.24818	-24.249704	42.34473	0.30889577	-139.45311	23.2071	52.5	103999	-6.969915	0.76740396	0.968656	-11.207382	6.6646786	0.65578073	2506.6960129737854
27	-8.296578	10.782401	-1.1067746	-60.021423	-19.686724	31.19065	-1.8516469	-86.30793	22.286486	29.8	107999	-6.857875	0.7505551	3.5188153	-12.317612	6.557307	0.63309044	2592.7236664295197
28	-7.8845363	10.741939	-1.0421193	-80.21596	-18.166183	22.25186	-2.164712	-67.27499	18.85849	29.9	111999	-6.7251487	0.7490468	0.9066513	-11.941903	6.4286447	0.62369347	2675.3293120861053
29	-8.669864	10.373528	-1.1610005	-49.32457	-13.292407	33.107914	35.827415	-75.37153	34.570175	75.0	115999	-6.6164308	0.7235865	0.9751098	-10.584035	6.323004	0.612832	2751.549405813217
30	-7.7656665	12.059601	-1.4760684	-74.9226	-21.771755	27.548407	-1.5969783	-71.317986	23.563637	36.3	119999	-6.491771	0.6965613	0.9180796	-11.486375	6.202081	0.590749	2823.085962533951
31	-7.2669964	10.568083	-1.2633524	-60.872314	-6.767984	56.26644	89.559944	-108.86059	20.055838	144.7	123999	-6.3820176	0.6865652	2.298062	-11.856545	6.0990553	0.57551694	2908.8888778686523
32	-6.7870846	8.039422	-0.8652075	-47.839615	-31.623383	68.52122	94.18872	-159.81409	22.966291	129.6	127999	-6.2995486	0.6757473	1.5580547	-10.517778	6.0201035	0.56532717	2993.033728122711
33	-7.413055	11.470748	-1.4102653	-91.27782	-21.689783	22.10815	-2.2244573	-68.27313	18.547085	95.1	131999	-6.171271	0.6577622	2.5666795	-11.024175	5.8973207	0.545464	3073.2531566619873
34	-8.707326	13.842352	-1.4146476	-79.22299	5.522794	31.322796	94.928215	-28.47378	29.416666	100.9	135999	-6.082629	0.6347101	2.3648834	-9.845435	5.809161	0.53369313	3152.441787958145
35	-7.370085	10.232262	-1.2642717	-56.707363	-7.077427	43.650322	84.482864	-99.00307	21.82873	157.0	139999	-6.070419	0.6257692	2.433391	-9.926928	5.8051057	0.5252216	3240.14049243927
36	-8.800964	13.236393	-0.8238619	-73.6993	-11.498656	9.1036415	-1.6605686	-29.558088	26.768211	27.9	143999	-6.0405164	0.63943285	3.6459734	-9.866148	5.777614	0.526343	3314.8693261146545
37	-7.4450927	10.2612095	-1.2640463	-68.69629	1.2224858	38.454147	106.682884	-41.649994	20.387754	104.7	147999	-6.042742	0.6415355	1.6506785	-10.091658	5.7859855	0.5219066	3397.385082244873
38	-7.67206	8.085937	-1.167944	-41.07874	-10.840609	12.372471	-1.9470719	-39.54547	24.078789	89.4	151999	-6.0423317	0.63791806	3.3615227	-10.001104	5.7880397	0.52788866	3477.4656727313995
39	-6.3397636	7.527736	-1.186764	-51.76854	7.9241343	47.77335	109.7048	-38.358227	21.086294	175.1	155999	-5.9689174	0.62386096	0.9672779	-9.853672	5.715683	0.51332575	3568.3626475334167
40	-5.810909	6.3792887	-0.94418573	-44.44442	-10.048406	15.901983	-2.7564013	-57.29033	15.022641	20.1	159999	-5.873865	0.618998	1.3526989	-9.943957	5.6213675	0.4991203	3640.2947421073914
41	-6.1784005	7.9427266	2.095095	-56.63116	-24.20096	32.659996	-0.7695089	-88.5932	17.891403	47.6	163999	-5.7804093	0.59161603	2.0195923	-9.735754	5.5356817	0.48502365	3715.450077533722
42	-6.9966655	13.938609	2.607453	-106.5593	0.510485	47.590965	123.581604	-73.16441	20.433863	125.2	167999	-5.7043185	0.58193356	2.5425794	-9.7529	5.4574647	0.47373635	3800.6057484149933
43	-8.200402	13.997958	2.7743561	-91.739136	-0.47280064	42.34687	107.17633	-78.56422	25.830189	63.4	171999	-5.6591763	0.57441026	2.666185	-10.005366	5.416999	0.4624933	3877.759753227234
44	-6.0522165	7.771556	-1.0747634	-51.196587	-8.646452	16.924467	-2.0940437	-59.363277	18.256756	25.1	175999	-5.601021	0.567989	0.7222043	-9.343581	5.3620257	0.4562071	3951.8443377017975
45	-6.0355926	8.903144	0.69397	-93.193924	-24.70292	23.613827	-2.0302253	-66.27153	13.914089	62.4	179999	-5.575384	0.5644046	1.3978533	-9.800274	5.3409195	0.4482836	4031.003003835678
46	-6.545814	9.299364	-1.0465354	-68.907135	-4.153849	46.458088	96.82324	-110.20018	22.340782	56.3	183999	-5.564927	0.56597924	0.64262426	-8.9845915	5.3325324	0.44745994	4108.120058774948
47	-5.2821684	10.001622	2.4911325	-100.35339	-17.005512	38.816326	21.854519	-107.38209	18.495237	108.1	187999	-5.5026145	0.5533551	1.2578907	-9.746887	5.269244	0.43682525	4191.470834493637
48	-5.51345	7.6511097	-1.2165416	-66.53666	4.153352	45.09583	126.08988	-56.349842	15.766798	126.5	191999	-5.4466143	0.5476902	1.4953465	-8.976785	5.2180915	0.43137616	4277.96893954277
49	-6.137953	8.178705	1.1346339	-42.62827	-6.1072426	22.35703	37.418278	-56.04582	22.054054	93.4	195999	-5.3754992	0.53954035	1.8821794	-9.117439	5.1501083	0.42315653	4359.11428809166
50	-6.087884	8.842213	0.6976409	-58.06224	19.304153	47.64654	117.8924	-13.345218	22.547485	129.9	199999	-5.305018	0.53245366	-0.00085544586	-9.2289715	5.08025	0.41319692	4445.440594434738
