Epoch	AverageEpRet	StdEpRet	MaxEpRet	MinEpRet	AverageTestEpRet	StdTestEpRet	MaxTestEpRet	MinTestEpRet	EpLen	TestEpLen	TotalEnvInteracts	AverageQVals	StdQVals	MaxQVals	MinQVals	LossPi	LossQ	Time
1	-108.82041	230.34082	-2.002511	-1400.2699	-189.0723	181.78525	-2.2054963	-517.20703	77.98	168.1	3999	-5.4239197	2.265836	0.5204873	-10.32552	4.5875306	0.24654339	74.0038914680481
2	-174.39317	318.8384	-2.0646052	-1286.7644	-11.166098	22.75915	-2.1127796	-78.901215	124.5	5.6	7999	-7.292438	1.0466409	-1.2400751	-9.962766	5.9976645	0.35857058	131.32735323905945
3	-167.62529	372.0901	-1.7717037	-1485.6122	-2.9006944	0.7884005	-2.1918178	-4.9621353	119.875	1.0	11999	-6.5309725	1.3369279	-0.0222473	-9.949484	5.0450244	0.35175294	189.53443241119385
4	-109.91825	279.9905	-2.5146544	-1434.3998	-270.13193	476.58612	-1.7619342	-1459.8214	78.19231	182.2	15999	-5.520046	1.0056391	-0.8824728	-8.36039	4.254038	0.2891132	267.1633810997009
5	-119.34066	274.86597	-2.2966366	-1459.4539	-186.08597	396.69116	-2.1801355	-1352.3779	86.17391	139.2	19999	-5.943361	1.1252674	-0.819196	-8.278954	4.613779	0.37064943	339.2892072200775
6	-178.63628	358.9046	-1.7374598	-1439.4794	-72.3599	156.60492	-2.6556342	-513.61066	128.29033	45.6	23999	-6.4837775	1.224177	-0.2129097	-9.225066	5.186128	0.41583073	401.52535343170166
7	-120.59018	254.12512	-2.07739	-955.6417	-116.0898	299.55322	-2.0432565	-1008.60754	111.2	113.2	27999	-8.122085	2.128271	4.9673543	-13.197721	7.024979	0.66063756	471.4901463985443
8	-154.26183	333.8947	-2.2014813	-1182.5428	-47.456394	124.262375	-2.3115082	-419.50604	135.75	39.3	31999	-12.515799	2.8491032	3.7102902	-19.389795	11.556552	1.6075282	533.9722030162811
9	-223.85289	406.28394	-2.1660898	-1245.8461	-185.59396	377.6997	-1.2029039	-1189.04	196.45454	155.2	35999	-14.685556	3.6093953	7.91924	-20.731394	13.52282	3.0461712	609.6117055416107
10	-217.57043	425.88013	-1.989579	-1576.159	-149.19492	293.13733	-2.1370697	-1000.2189	155.06897	113.0	39999	-16.094154	3.9650512	4.5640717	-23.046276	15.060256	3.5365171	680.0568256378174
11	-163.09773	317.546	-2.244607	-1297.6204	-298.1696	501.21274	-1.8781697	-1274.9171	140.375	226.3	43999	-16.912077	3.9988413	5.525395	-23.71485	15.771596	3.6445577	762.2918734550476
12	-254.72348	388.44675	-2.1924715	-1165.9191	-498.79706	585.43066	-3.8126338	-1336.9636	218.55	392.1	47999	-15.850114	3.6577146	8.514313	-22.189053	14.772298	2.8824534	864.5964136123657
13	-114.43998	285.5593	-2.0665965	-1221.7778	-286.75006	281.0528	-2.2862792	-907.15814	92.59574	236.8	51999	-15.90375	3.2060306	6.074909	-22.411633	14.858916	2.3787417	950.1241600513458
14	-141.18036	273.0286	-2.1555426	-1071.0071	-141.42737	371.68817	-2.8638194	-1251.3151	124.21875	110.9	55999	-17.980673	3.622015	11.432715	-25.04235	16.9563	3.0397336	1020.8646757602692
15	-103.57856	238.8388	-1.6587268	-1149.652	-28.54354	52.430202	-2.1907892	-163.71165	84.111115	20.3	59999	-17.219538	3.8784199	6.308502	-26.842447	16.23157	3.0463703	1081.7750434875488
16	-119.04764	243.77014	-2.0800624	-1212.5546	-46.74876	86.7294	-2.5480876	-247.5999	88.023254	33.7	63999	-18.316023	3.979173	5.8244023	-26.713642	17.337723	3.2155607	1144.452350616455
17	-159.54185	339.67932	-2.1211565	-1259.5292	-61.616333	100.61966	-3.5127757	-322.86838	130.08824	41.0	67999	-21.40282	4.5653834	6.4067283	-38.802013	20.57684	3.92678	1208.2655539512634
18	-169.91585	286.82507	-2.3144023	-974.6616	-85.75525	103.24243	-1.9464761	-310.19315	154.65384	85.7	71999	-21.48163	4.9458466	9.389118	-34.04739	20.42611	4.4396076	1276.4930665493011
19	-125.83666	200.64636	-2.014144	-1087.8805	-215.37122	290.13422	-2.3927217	-960.4628	119.606064	208.5	75999	-18.841866	4.887979	11.189556	-35.13092	17.743427	4.106641	1357.9471731185913
20	-246.34538	348.26685	-2.3873343	-921.49	-30.128174	52.70298	-2.7350585	-145.68875	236.6	25.6	79999	-19.265797	4.4343705	5.7606897	-45.913647	18.435448	3.3963032	1419.925660610199
21	-115.62176	235.21724	-2.3233175	-999.5794	-115.65707	258.4114	-2.5030808	-859.70917	109.76923	104.4	83999	-21.641687	4.8891134	10.283737	-37.553177	20.72986	4.1372576	1490.251308441162
22	-160.08955	333.43588	-2.0773137	-1317.9027	-20.755634	34.095036	-2.6668851	-111.56694	132.51852	18.1	87999	-19.097708	4.567261	6.5608587	-27.711975	18.040024	3.5254116	1551.2763097286224
23	-152.42377	267.5915	-1.9409649	-960.17365	-236.42595	277.15405	-2.1857576	-681.56537	171.81482	348.3	91999	-20.707142	4.5493965	11.086382	-31.429314	19.910254	3.2479901	1648.9195160865784
24	-150.78764	267.20895	-2.3067782	-926.89764	-55.04592	93.45179	-2.2575583	-319.3006	181.5	53.0	95999	-22.074898	4.870078	3.6102295	-31.543524	21.206203	3.6994948	1713.9257943630219
25	-167.0785	317.68695	-1.9415861	-1051.287	-134.43367	293.94852	-2.6849527	-973.98346	152.96153	133.6	99999	-23.14407	5.1142597	34.43374	-37.389843	22.36377	4.049201	1788.4268052577972
26	-87.98692	203.08171	-1.8708667	-928.44806	-165.50882	252.06108	-2.1511757	-850.6477	88.78571	173.2	103999	-24.12752	5.80201	14.307791	-49.245758	23.278082	4.8027053	1867.7352757453918
27	-107.07369	218.3683	-2.3256102	-871.88666	-103.77622	132.76031	-1.9873353	-458.67615	112.4	92.1	107999	-24.416164	6.156085	13.206506	-33.413548	23.630163	5.100164	1937.9515113830566
28	-165.7807	331.7599	-2.0545702	-1095.6666	-60.358864	117.655426	-1.9514911	-347.4261	153.90909	46.8	111999	-25.151278	6.1805444	11.252421	-34.49533	24.286741	5.4079914	2003.6984860897064
29	-88.27133	265.37717	-1.9138699	-1238.6161	-132.66716	220.61978	-2.5452693	-681.4295	71.0	93.5	115999	-24.106384	5.43782	13.676643	-34.48139	23.247412	4.6340113	2076.399646997452
30	-153.63431	304.78247	-2.0680852	-1402.4049	-208.68684	317.89227	-2.1285331	-1023.33234	117.10345	174.6	119999	-24.69253	5.6206503	11.482506	-35.2311	23.929289	4.740769	2155.198143005371
31	-97.95301	284.62238	-1.9633081	-1223.5812	-180.71904	356.49103	-2.5244038	-1219.1047	78.355934	140.2	123999	-25.882637	6.714904	23.719973	-36.86954	25.040258	5.817665	2231.541245698929
32	-113.73734	276.35803	-2.099055	-1231.2422	-6.413938	8.187363	-2.1702232	-30.578608	93.07317	3.0	127999	-25.201178	6.4755425	14.706225	-44.152443	24.33006	5.8469825	2295.55246424675
33	-116.989426	272.84418	-1.7264844	-1085.1132	-196.11078	359.42395	-2.1139839	-1077.6425	102.9	181.0	131999	-24.320133	5.8148804	13.6734295	-51.928337	23.487099	5.0585384	2378.3588700294495
34	-109.61282	194.93623	-1.7215562	-1008.05786	-192.91995	355.44467	-3.1810546	-1225.439	83.58696	150.7	135999	-23.838602	5.9745336	13.567826	-41.33883	22.964321	5.0536246	2456.862824201584
35	-183.3609	365.6967	-2.0397563	-1216.2505	-101.90208	188.71324	-2.172203	-626.92914	145.10345	77.4	139999	-24.812452	6.572205	14.322064	-35.977283	24.035446	5.673977	2526.3765501976013
36	-117.62303	232.9988	-1.7741796	-1122.7935	-283.9134	327.51572	-2.2145202	-1094.8428	106.57895	257.1	143999	-24.356558	7.2035837	14.102488	-38.725258	23.404732	6.5555024	2617.244500398636
37	-805.2386	525.20325	-4.241178	-1393.9736	-517.2339	421.69653	-2.2188478	-1204.0784	627.6667	408.3	147999	-21.92695	7.4184003	12.086775	-33.42029	20.84801	6.9614663	2724.9293942451477
38	-462.00476	414.6239	-2.5243099	-1085.7074	-390.41177	541.0781	-2.449489	-1457.626	362.27274	274.0	151999	-16.688286	9.015804	20.679113	-32.08576	15.262323	9.472427	2818.095677614212
39	-656.2371	577.62756	-2.379776	-1501.8009	-1036.0033	520.4761	-187.85928	-1761.3331	542.875	724.1	155999	-11.274055	6.878447	18.277065	-23.423107	10.102395	5.5353513	2964.2473912239075
40	-454.30017	482.70273	-2.4544303	-1351.7424	-672.8021	548.7461	-1.5598334	-1194.9854	391.33334	554.1	159999	-12.588002	4.4787574	12.059167	-21.494467	11.821857	2.595461	3089.814787387848
41	-127.117676	244.48137	-1.6051434	-1149.021	-39.590614	68.07592	-3.3464305	-233.45848	121.4054	36.9	163999	-18.01303	3.788698	6.096212	-27.899704	17.367397	2.3094258	3157.212097644806
42	-83.05572	238.12297	-1.8524671	-1126.6857	-217.63164	368.44067	-2.0081756	-958.7859	80.585365	217.9	167999	-21.71157	4.8704333	10.7110615	-30.760612	20.956167	3.2656298	3243.5428421497345
43	-79.693344	185.92737	-2.266002	-980.4158	-121.06358	240.73395	-1.9353341	-825.3873	78.36842	137.5	171999	-22.948404	6.2624154	12.253967	-31.869493	22.141502	4.1080666	3321.6333162784576
44	-49.779003	141.65282	-1.9507656	-757.94574	-97.68396	255.49533	-2.4957042	-862.4783	48.7875	107.9	175999	-24.19508	6.3906507	7.7042985	-36.289116	23.423548	4.3748198	3396.740974187851
45	-191.55804	304.57526	-2.2958386	-841.19086	-24.85232	53.35255	-1.5082402	-183.33081	217.75	19.7	179999	-24.52209	7.144719	11.809541	-35.032032	23.658337	5.1369057	3461.556337594986
46	-107.16469	240.14763	-1.593587	-859.1155	-28.55138	65.4601	-2.1666164	-223.89316	119.638885	27.8	183999	-24.200638	7.3905177	4.1771994	-35.870544	23.373894	5.215075	3527.4239826202393
47	-77.966385	187.46715	-2.073521	-937.2218	-111.08262	284.8431	-1.8808721	-962.74347	78.30612	108.5	187999	-23.972015	7.4938183	7.531166	-36.850807	23.108253	5.332048	3603.064442396164
48	-80.25883	202.29337	-1.614232	-1109.0679	-41.647808	56.68054	-2.4170809	-169.477	74.04762	22.0	191999	-22.53667	7.00797	6.3807526	-34.913624	21.54326	4.9576035	3670.348568916321
49	-132.75816	302.4267	-2.261597	-1175.8412	-10.714162	14.730399	-2.4566257	-44.089817	121.16129	7.9	195999	-21.831945	6.2150097	4.9656324	-33.34468	21.053326	4.0971394	3733.8956072330475
50	-136.09349	297.6466	-2.2649786	-1173.8333	-59.835022	110.094086	-2.4797046	-371.75012	119.55882	54.0	199999	-23.865046	6.7727413	8.266746	-36.200924	23.165508	4.551896	3803.2503867149353
51	-188.57263	332.12933	-1.7374431	-1003.0448	-227.38179	405.27078	-3.0065384	-1039.2745	180.91304	215.6	203999	-25.948166	7.480222	9.185927	-38.17704	25.214018	5.229069	3889.8789732456207
52	-85.21816	187.5333	-1.9995306	-933.16583	-15.5019	18.429474	-2.5969408	-47.839355	80.04	8.2	207999	-26.540215	7.9944177	15.703245	-37.81347	25.74334	5.9167733	3953.3890986442566
53	-72.54614	209.84958	-2.028829	-950.60803	-66.63109	175.82599	-2.4530337	-593.37103	71.916664	70.0	211999	-26.371895	7.8242497	8.5587635	-37.93257	25.583035	5.754153	4024.4128003120422
54	-116.48893	241.23677	-2.1346934	-872.6191	-97.1355	240.77222	-2.1576593	-810.63416	127.333336	114.7	215999	-26.687847	8.171448	12.190644	-40.578285	25.917728	6.0030975	4100.5188801288605
55	-145.36421	284.32834	-1.4865137	-962.9303	-129.74644	272.9229	-2.4578009	-930.7063	148.2963	134.3	219999	-26.95567	8.263214	14.977995	-39.8366	26.178818	6.231783	4180.094993829727
56	-92.078384	185.2922	-2.1560953	-999.38434	-205.35506	377.93863	-1.9787054	-1006.5627	80.20513	200.9	223999	-26.473875	7.9068136	13.563961	-39.811172	25.64303	5.9544606	4271.408407449722
57	-72.2613	207.53996	-2.1568577	-1014.3642	-127.9562	225.82925	-2.4755871	-731.33307	67.875	125.4	227999	-24.830973	7.01993	11.116175	-37.523438	23.993164	4.907671	4354.597167253494
58	-125.78771	231.10445	-2.132315	-861.34467	-66.71729	181.92677	-2.1252503	-612.2292	130.65384	77.9	231999	-24.99473	7.1558785	12.440037	-38.43103	24.25077	4.9632463	4431.353606939316
59	-76.127144	191.73853	-2.15358	-811.69775	-69.994225	129.51636	-2.3378234	-443.69907	84.59091	75.0	235999	-25.800962	7.382771	8.677591	-37.01005	25.06473	5.3032007	4506.190457105637
60	-69.34695	178.65408	-2.1132727	-815.7108	-27.558475	43.164284	-1.9938961	-141.56372	77.44643	23.3	239999	-26.155148	7.5108976	7.636766	-39.39352	25.405056	5.525088	4574.8683359622955
61	-124.9167	246.93057	-1.9299022	-844.38196	-170.87979	317.1276	-2.6298335	-830.32367	136.59375	188.3	243999	-26.03407	7.4510555	7.6088753	-40.06883	25.265255	5.675249	4661.577107191086
62	-81.760895	178.50558	-1.9762759	-779.5287	-210.335	377.08218	-2.1437097	-1034.9266	80.521736	199.8	247999	-26.144903	7.6460066	24.279436	-39.144886	25.39647	5.7553306	4749.717954158783
63	-100.87016	253.72888	-2.0928004	-1058.4789	-203.20491	330.32693	-1.5921171	-1010.55365	91.28889	186.0	251999	-25.364555	7.0422983	18.095577	-37.744198	24.576166	5.454019	4835.880786895752
64	-92.18038	241.81549	-2.1611536	-1010.5925	-104.32031	200.97816	-2.5586503	-515.81384	96.8421	116.9	255999	-26.357864	7.199564	10.385076	-40.754345	25.69145	5.1030054	4913.727939605713
65	-69.67998	160.78877	-1.7982979	-723.3639	-145.31894	217.89323	-2.1098773	-690.2835	73.28846	179.6	259999	-27.389315	7.535833	11.865998	-43.10646	26.673168	5.5369277	4999.536758899689
66	-100.73822	216.50912	-1.6659006	-769.5829	-82.9741	151.95175	-2.261577	-523.0592	123.583336	76.9	263999	-27.432543	7.6589017	16.250935	-41.06333	26.70494	5.6655846	5075.819910526276
67	-240.07645	422.15698	-2.3339238	-1618.693	-241.51328	229.05696	-2.8113155	-596.62384	170.03847	168.1	267999	-28.622967	8.090517	12.665273	-46.246464	28.111933	6.4538636	5163.2811942100525
68	-167.20428	347.05032	-2.0878675	-1421.6504	-186.15968	307.79837	-1.8554229	-846.2003	123.15625	131.6	271999	-30.090727	7.9166126	14.069122	-43.387753	29.339542	6.3379884	5245.627553701401
69	-496.10507	555.11163	-2.6327884	-1360.829	-72.553795	97.88852	-2.4981267	-346.851	379.6	57.7	275999	-29.585428	7.1947994	13.255619	-43.177185	29.023754	5.8228974	5319.494822502136
70	-125.850815	305.192	-1.9163345	-1392.673	-227.83408	337.90497	-2.6289952	-1177.937	96.414635	190.9	279999	-31.9086	7.995327	15.548997	-47.01823	31.309237	7.2846403	5409.113401412964
71	-156.83168	320.86224	-1.8356851	-1376.9077	-31.387634	77.04603	-2.5276754	-261.5089	130.36667	23.5	283999	-33.54931	8.90895	8.219433	-48.51702	32.89778	8.098202	5481.344586610794
72	-181.00189	325.1165	-1.9875834	-911.5223	-115.62346	293.1895	-2.5279086	-992.9102	164.86957	109.7	287999	-33.245758	9.012271	11.64436	-47.84922	32.572117	7.7738914	5565.814514636993
73	-151.87378	331.22925	-1.8740523	-1058.2922	-269.55328	366.55963	-3.0168421	-1026.44	143.96875	258.9	291999	-32.83069	8.81303	18.602137	-47.541542	32.139797	7.510217	5668.438225984573
74	-135.88431	274.30615	-1.9028312	-1097.5078	-117.44464	292.20694	-2.147694	-990.62024	123.42308	113.0	295999	-32.39144	8.851838	10.823029	-50.679024	31.705507	7.491864	5754.612173318863
75	-75.42331	209.86496	-2.0217328	-945.48804	-116.39961	165.00182	-1.866517	-527.14307	69.24138	92.1	299999	-32.542667	9.202903	10.561451	-54.74199	31.842348	7.845751	5837.876456737518
76	-158.40456	312.11887	-2.0054443	-1061.1538	-162.39955	330.05014	-2.0153525	-1120.9078	128.42857	130.8	303999	-31.398	8.599754	14.951418	-47.506607	30.626852	7.508	5924.909315109253
77	-172.18867	318.11996	-2.034835	-1226.905	-2.4069037	0.4631923	-1.6578977	-3.4078624	140.7	1.1	307999	-30.871515	7.6590934	13.393307	-47.0391	30.25327	6.245705	5996.312940835953
78	-112.09239	200.34978	-1.5899099	-783.44794	-60.334675	95.36821	-2.0400298	-293.60577	139.10345	53.8	311999	-32.048927	8.223234	16.067213	-46.696407	31.382614	6.872731	6073.4654376506805
79	-88.034966	247.63051	-1.9624399	-1139.7694	-3.8711448	1.5586166	-2.360823	-6.578103	89.0	1.5	315999	-31.48796	8.544963	11.401857	-45.37693	30.78428	7.6301146	6144.33533000946
80	-112.11477	268.3291	-1.733244	-1075.9459	-17.644154	23.658403	-2.3196437	-74.229866	100.810814	14.8	319999	-31.839003	8.551677	14.5351305	-47.74663	31.243845	7.916626	6216.329196929932
81	-65.61877	192.50278	-1.9374871	-997.1639	-410.38388	599.74084	-2.2706869	-1357.0277	59.405407	304.6	323999	-32.379326	8.84671	16.96652	-54.18664	31.63083	7.9589396	6322.214394807816
82	-69.46123	190.8582	-1.9030918	-1025.9167	-377.57364	497.42892	-1.9825188	-1143.7753	54.955223	328.6	327999	-30.976273	8.045509	20.099718	-45.282253	30.31537	6.6714697	6431.540104389191
83	-157.0227	339.0636	-2.0090663	-1328.6348	-130.57393	309.09454	-1.8933395	-1047.9601	128.21622	116.9	331999	-29.887777	7.6881714	18.310118	-45.61081	29.074297	7.5712075	6516.947880744934
84	-131.87067	239.78482	-1.9687984	-979.4197	-252.42313	399.5771	-2.8178897	-1199.2963	111.0	203.4	335999	-29.754112	7.232913	12.11853	-43.50523	29.118797	5.991594	6611.7467720508575
85	-163.14233	312.2629	-2.089171	-1125.9592	-67.464096	133.56526	-1.9512622	-448.9744	131.63333	46.9	339999	-31.036592	7.7024584	13.8885975	-44.10644	30.479937	6.4360337	6688.261466741562
86	-93.14701	232.21423	-1.7653631	-1238.6261	-215.96162	352.096	-1.9121283	-1099.5083	72.37209	162.4	343999	-32.028988	8.539442	19.847908	-46.630028	31.342815	7.374534	6777.964061737061
87	-114.40235	312.45395	-1.5671754	-1338.9418	-175.01546	292.86267	-3.6266298	-1013.40155	104.37209	159.8	347999	-32.425953	9.479583	15.671372	-47.964993	31.805319	7.4810615	6867.808409690857
88	-213.7683	345.03366	-2.0049863	-968.8108	-27.253637	42.86396	-2.6206176	-141.36795	220.57895	20.8	351999	-33.81482	10.644508	24.662874	-51.21712	33.170647	8.81009	6940.364232778549
89	-66.176865	159.12488	-1.7165874	-825.4215	-231.54898	346.00165	-2.8632245	-901.77997	66.85714	254.7	355999	-34.05588	10.992407	12.298156	-52.315796	33.421314	9.752797	7042.364641427994
90	-134.30243	260.51657	-2.4510753	-879.7922	-124.60414	289.07083	-2.196424	-962.161	145.72	129.1	359999	-33.656242	11.08795	18.890896	-50.42051	32.941483	9.325289	7129.664808273315
91	-227.41415	347.57916	-1.8031408	-1007.2031	-144.47475	279.06592	-2.8798935	-910.84564	227.11765	134.8	363999	-33.02572	10.769727	14.026288	-49.59948	32.344296	9.248895	7218.163074493408
92	-132.01082	286.08466	-2.2971885	-1054.3555	-41.077583	62.05159	-3.3167481	-205.54121	123.0	24.9	367999	-32.82677	10.498596	14.671211	-48.93541	32.143604	8.954912	7293.401859283447
93	-100.43219	211.38466	-2.5340683	-838.71545	-117.44637	249.60849	-2.586326	-840.0028	105.67647	130.4	371999	-32.67097	10.110781	14.124304	-48.50308	31.996502	8.6478	7381.778756141663
94	-98.894585	208.19576	-2.1516604	-858.52277	-185.00603	237.22478	-2.755994	-790.704	100.86667	215.8	375999	-33.17298	9.8779955	19.099442	-49.488632	32.56505	8.604219	7479.660731554031
95	-101.90708	224.27168	-2.093551	-979.1571	-16.377132	24.65554	-2.4251845	-73.74156	105.08108	15.0	379999	-33.721813	10.189798	13.322422	-63.01745	33.092896	9.195165	7554.478102684021
96	-192.74124	283.27795	-2.209379	-851.7334	-170.64877	335.4521	-1.6103852	-856.4787	214.88889	201.0	383999	-33.73909	10.026	11.389963	-51.068336	33.089092	8.601978	7650.261434316635
97	-171.43591	247.05489	-1.4397305	-848.34235	-137.95982	232.0444	-2.3402543	-728.46704	179.14285	149.0	387999	-33.659454	9.936907	16.729332	-51.291054	32.99403	8.268542	7741.670358419418
98	-128.95601	270.39807	-2.0788617	-916.02905	-343.8443	393.15463	-2.7561522	-853.1603	137.39394	396.0	391999	-33.302864	9.809009	15.102452	-52.180588	32.643757	8.125505	7867.3352172374725
99	-88.15928	226.52925	-2.1105945	-903.63367	-29.824722	39.343044	-2.7375462	-96.647606	92.37209	24.6	395999	-33.424747	9.5514555	17.1192	-53.26019	32.80131	7.8703556	7945.53271651268
100	-131.21921	280.9999	-2.1936488	-923.61487	-133.78899	270.53104	-2.435959	-869.8809	135.96552	146.4	399999	-33.916176	9.685048	28.044151	-50.85187	33.31954	7.7848954	8038.311234951019
