Epoch	AverageEpRet	StdEpRet	MaxEpRet	MinEpRet	AverageTestEpRet	StdTestEpRet	MaxTestEpRet	MinTestEpRet	EpLen	TestEpLen	TotalEnvInteracts	AverageQVals	StdQVals	MaxQVals	MinQVals	LossPi	LossQ	Time
1	33.881157	49.083046	125.84362	-0.64610064	51.226307	111.62842	327.0327	-101.898445	185.42857	495.9	3999	3.7174287	2.3899016	9.682649	-1.8993026	-4.161114	0.062622055	1005.5181596279144
2	26.601778	42.086124	164.06859	-1.5243372	56.337048	115.456375	361.30716	-67.13351	114.0	573.75	7999	12.342487	1.9740136	17.189281	-10.881877	-12.665221	0.59090954	2092.704894542694
3	17.848677	35.48893	176.7809	-1.8516347	55.39966	64.28638	201.46674	-38.19033	111.439026	514.1	11999	15.868786	1.0482893	19.306961	-18.541563	-16.04369	1.1786312	3080.2857394218445
4	18.22261	30.142586	135.03786	-0.98522544	24.19892	44.839718	112.12338	-30.316074	94.190475	440.75	15999	20.812622	2.972306	30.282362	-12.463624	-21.432148	2.4774508	3992.916937828064
5	8.90515	13.056093	49.258507	-1.3092974	35.64996	69.171715	248.58578	-38.961506	43.25	441.8	19999	28.625727	2.4979057	42.975483	-15.928091	-29.330359	5.4098215	4896.8851845264435
6	23.611473	45.58266	135.09674	-33.40422	130.9092	104.47769	290.7767	-42.3947	225.05556	893.6	23999	30.640587	2.5923266	37.506733	-24.36487	-30.875387	6.849416	6381.635533571243
7	188.83244	62.1007	233.97583	81.99855	149.16202	96.535065	294.15717	-0.36088863	966.5	829.5	27999	27.026665	1.9875578	35.409737	-18.693327	-27.277227	4.279416	7801.157470941544
8	121.22266	119.78471	286.92212	-15.533334	151.80064	94.1762	301.6845	14.488336	613.3333	778.95	31999	26.019905	1.9366403	32.98795	-19.756968	-26.277842	3.460613	9195.698227643967
9	131.22598	84.86453	278.27078	0.74347377	212.70366	83.40509	319.8177	37.119602	587.7143	918.55	35999	25.712027	1.9147125	32.896664	-31.156397	-26.034355	3.1080205	10775.05992770195
10	111.73579	100.72786	317.97037	-6.714302	221.8801	110.65016	371.92236	5.4643445	403.55554	783.55	39999	30.293617	2.9167373	40.572784	-17.518639	-30.913239	4.097754	12190.465322732925
11	94.49261	113.94297	343.7969	0.89010054	278.92484	69.62217	365.70596	47.120846	348.6154	934.7	43999	34.07915	2.2131133	44.489815	-27.923279	-34.541603	4.478073	13798.195870161057
12	113.782745	81.71657	258.1931	-0.54186004	300.65326	83.06476	393.8645	106.06234	426.375	884.95	47999	36.092876	2.1831553	48.11286	-19.601818	-36.530834	4.9438744	15297.555134057999
13	165.62558	93.283295	256.13965	43.383354	314.3067	83.6883	394.4715	-10.063182	650.8571	944.7	51999	37.3122	2.184606	47.139183	-31.524586	-37.728035	4.743445	16908.20454120636
14	154.8523	100.88902	306.0307	-0.012951954	315.36517	139.37782	437.75183	-0.73746216	608.8333	804.55	55999	38.70032	2.222623	49.443714	-27.042608	-39.135735	4.7495365	18295.176320552826
15	122.97898	123.879944	372.7666	-0.67984074	331.8376	90.15338	411.55096	41.0898	411.0	919.0	59999	46.25996	7.052864	95.7168	-31.857265	-47.932415	10.085667	19804.567848920822
16	141.41899	110.96499	292.03497	1.1509395	283.05258	118.93992	393.60895	-0.7801611	636.4286	817.25	63999	67.5381	5.391441	100.985306	-40.61592	-69.07788	18.49716	21181.873938798904
17	49.89472	54.520767	210.35812	-11.011846	240.04941	140.06386	393.0596	0.6140073	248.0	724.6	67999	76.533035	4.3653545	99.03089	-41.427605	-77.935936	20.089329	22439.683608531952
18	92.10409	97.924286	355.81506	1.3528697	234.59119	84.790504	344.26462	0.7764672	381.36365	913.55	71999	84.37015	4.1431074	108.173744	-33.97588	-85.64563	22.93081	23999.38973069191
19	91.108696	94.5739	278.9955	10.966736	239.35522	135.68552	414.72806	-0.80888045	399.55554	772.65	75999	88.84036	5.5111547	117.01719	-73.02459	-90.563	26.95352	25347.398010730743
20	65.03687	85.63649	293.2223	-0.6014353	299.89917	92.40522	389.38483	96.87375	256.42856	860.15	79999	102.07202	6.4309835	129.4021	-43.73285	-103.73346	38.74937	26777.324464797974
21	71.592186	82.61898	235.25153	-1.2086596	245.4176	111.93282	389.7055	1.5766597	332.42856	794.1	83999	112.32993	6.785834	144.64015	-46.568737	-114.33659	43.550907	28150.09775209427
22	92.40261	72.64395	211.57832	-0.640899	317.9804	138.36343	451.9439	6.9051046	330.58334	818.85	87999	126.42813	5.9932733	164.44272	-89.65687	-128.43588	49.709072	29518.149657964706
23	83.14201	99.961395	371.3765	-0.46185884	345.7237	108.02214	442.07523	34.165833	245.0	839.6	91999	129.58972	5.174672	165.18797	-46.41632	-131.1451	50.207966	31033.405335187912
24	59.975243	83.881966	286.7872	-0.37746745	240.39536	144.89333	428.71347	-25.621578	215.86363	638.25	95999	128.81065	5.0010467	205.25212	-70.75576	-130.24783	48.40298	32289.96395611763
25	65.670876	77.08174	310.33102	0.08594929	209.3534	136.60866	426.01767	0.011023417	203.35	544.45	99999	128.47804	4.9457474	173.87143	-74.37435	-130.00284	49.657158	33406.86488223076
26	62.63216	92.080215	362.10703	1.9361881	209.1177	156.06927	430.85638	-0.3048089	193.88235	539.3	103999	128.35817	4.868156	178.51729	-59.623966	-129.91707	54.762432	34518.60659575462
27	38.270924	52.051746	270.1601	0.21592776	257.3892	172.45074	449.30014	6.0635185	118.710526	645.5	107999	129.88971	6.4059196	202.54774	-93.39192	-131.55779	63.098755	35769.24512839317
28	58.39795	64.07887	200.41678	-44.416058	265.80606	142.09819	418.47812	-0.32163826	217.73685	778.8	111999	138.35266	10.070975	238.7461	-60.807487	-141.02072	81.32581	37212.97049498558
29	59.764225	76.83907	321.5312	-0.26241136	185.88138	147.43497	396.7507	-2.4168732	194.8421	546.95	115999	151.40639	9.1452	235.23103	-82.57407	-153.6823	93.08679	38291.953176021576
30	89.20509	75.75575	285.5345	-0.6232933	214.21225	152.08783	419.57996	-2.88709	272.6875	609.3	119999	153.34444	6.8729196	229.98366	-82.49038	-155.18044	86.30825	39468.79527378082
31	31.057224	43.433807	212.83191	-0.7105209	170.73062	134.25798	367.76022	-1.0368638	115.21875	505.1	123999	149.87125	6.128806	212.61029	-72.99658	-151.49806	92.17797	40506.67903113365
32	15.92811	22.412287	91.398766	-2.5883923	179.92062	147.4053	395.51517	-1.4641382	97.02702	554.4	127999	147.77014	6.0603843	187.08244	-125.965355	-149.73195	89.66339	41590.732879161835
33	32.75705	70.981636	280.46985	-14.766229	138.60786	125.30674	355.30258	0.909386	179.76923	505.0	131999	143.17842	5.602192	178.18738	-78.76069	-144.72572	78.266266	42614.667045116425
34	23.148022	43.040768	192.3699	-14.6291	79.11444	86.27746	265.25174	-0.8119581	120.70968	356.75	135999	133.0253	7.0287185	184.1442	-86.443855	-133.98541	69.07513	43448.968059539795
35	42.956284	58.869144	233.91321	-3.8944237	88.27739	93.39446	328.58456	0.059377633	239.94118	292.6	139999	118.88478	5.144181	155.58609	-95.01634	-120.23531	55.714462	44188.17978644371
36	120.81204	118.69848	305.31946	-0.30625254	181.9772	139.11041	424.6915	-4.167555	386.9091	516.9	143999	129.9217	7.34989	169.18935	-84.65601	-132.56847	68.2875	45232.37430906296
37	43.461235	48.997578	183.40732	-3.9091895	102.47056	102.321045	347.4822	-0.80422926	155.21739	345.45	147999	140.54115	5.457285	180.3327	-70.01252	-142.28474	76.36568	46025.014808654785
38	66.6796	76.63628	256.35532	0.1812837	136.52463	138.28047	386.52408	-2.0876174	248.92857	414.55	151999	132.83315	5.1832623	174.47804	-95.54929	-134.33243	74.33315	46933.232094049454
39	50.5603	71.89022	301.17282	-4.9838967	136.62419	142.65729	406.2067	-1.0428458	191.43478	420.7	155999	131.24834	4.8754506	155.67479	-96.006485	-132.82135	69.78854	47854.94827222824
40	84.29481	116.81426	348.1604	-0.3090935	216.25227	143.34349	425.70554	0.23309466	259.29413	568.4	159999	128.21709	4.692837	157.5837	-66.83191	-129.734	66.7775	48983.58804535866
41	43.53064	67.7727	268.62152	-6.1538906	173.02213	148.64017	389.10965	-2.456091	142.64	514.6	163999	125.41453	4.370951	170.3631	-78.75289	-126.80592	59.559223	50009.77589201927
42	197.839	160.49445	413.451	0.7301139	200.21022	140.44084	408.92163	-0.33117682	497.0	570.05	167999	120.50475	3.9744692	149.46016	-66.71813	-121.78287	57.249603	51109.05904173851
43	66.882065	81.44691	329.17532	-1.1696327	183.49664	135.73325	389.59976	-0.78032553	214.6842	534.95	171999	117.08749	4.1702023	168.08487	-106.00842	-118.317856	53.523335	52186.99807834625
44	36.126965	68.02828	308.71606	-7.1885705	180.06676	143.91039	386.28302	-0.90627456	132.41379	609.15	175999	112.2453	4.2291102	185.16107	-77.94833	-113.43136	53.00222	53356.14833474159
45	52.578705	67.03287	224.24455	-0.9333415	198.59573	139.33327	414.01544	9.418452	193.05556	571.15	179999	108.56279	3.9606574	192.64285	-74.36743	-109.742096	47.03928	54475.39600324631
46	65.394485	93.008095	266.4604	-9.566617	214.7833	149.36739	416.93448	-0.30268696	228.15	621.95	183999	107.58403	3.5321352	162.09233	-98.902214	-108.933014	45.95739	55657.42920923233
47	55.273773	85.654945	257.28015	-5.0667243	248.06999	134.4536	429.75226	24.993849	205.3158	683.0	187999	107.00721	3.4906123	153.18694	-69.591835	-108.18346	46.365376	56943.558504104614
48	32.327255	34.431107	119.525475	-1.0381962	274.60724	125.736404	450.0514	-0.6461858	132.78572	742.4	191999	103.43877	3.6993153	154.97467	-112.15566	-104.46569	45.20568	58317.52602458
49	71.596275	80.79024	237.93858	0.4789245	278.91095	150.48389	453.92294	7.2641187	294.73334	752.85	195999	99.42155	3.3046064	132.65137	-73.917625	-100.45344	40.607796	59700.20363378525
50	50.939175	74.2141	287.0035	-0.3934138	336.1592	142.55455	506.39185	12.422127	189.04762	798.95	199999	94.50916	3.7368364	121.124626	-100.60768	-95.28166	36.714108	61153.59554243088
51	55.7172	91.34924	312.87967	-2.826282	325.91092	157.82466	483.41293	-2.544464	199.0	791.75	203999	88.51025	3.2310889	114.48628	-81.08637	-89.39823	34.557564	62580.06600165367
