Epoch	AverageEpRet	StdEpRet	MaxEpRet	MinEpRet	AverageTestEpRet	StdTestEpRet	MaxTestEpRet	MinTestEpRet	EpLen	TestEpLen	TotalEnvInteracts	AverageQVals	StdQVals	MaxQVals	MinQVals	LossPi	LossQ	Time
1	-321.37265	591.525	-3.3994055	-2274.386	-380.65607	851.75867	-3.6361272	-2878.9692	142.76	129.5	3999	-8.700418	3.351242	0.525884	-15.551078	7.323495	0.50983804	71.7659707069397
2	-210.99355	442.24414	-3.3262196	-2351.6343	-10.120798	12.499034	-3.6183164	-46.69721	96.48718	2.7	7999	-11.19036	2.137636	-1.5794994	-20.748922	9.118792	1.2962617	182.1505765914917
3	-234.05582	637.5541	-2.765295	-2725.7754	-649.4494	981.944	-3.2019124	-2283.7654	98.85	301.7	11999	-15.271268	4.291998	0.5693973	-28.446058	13.5222025	2.9070117	282.0469470024109
4	-427.82642	779.92487	-3.3065631	-2334.5269	-739.9972	981.91876	-4.0670085	-2256.3906	192.33333	331.0	15999	-21.012793	6.3386703	1.5435634	-31.533297	19.168407	7.485551	386.73276925086975
5	-485.95428	810.0037	-3.2263172	-2906.447	-491.55997	972.642	-3.2641258	-2452.072	200.30435	201.1	19999	-28.41403	6.139363	10.788056	-51.383106	26.851225	7.2639775	475.96883511543274
6	-226.8621	464.37244	-3.1945212	-2627.132	-644.375	866.1513	-3.770931	-2542.7046	92.22727	257.6	23999	-30.949413	6.747215	13.586772	-50.873676	28.831198	9.331783	571.090484380722
7	-245.79297	517.62537	-3.2574837	-2397.6284	-795.2621	1059.6543	-3.895948	-2545.6655	121.5	318.4	27999	-26.811277	6.469183	7.538323	-47.424595	24.885452	7.0638576	675.262565612793
8	-560.62225	879.637	-3.3592775	-2510.1921	-38.963814	60.33075	-3.8072903	-209.46024	239.70589	15.6	31999	-29.601645	6.88195	13.253362	-79.1242	27.824762	8.495134	741.8238818645477
9	-437.55356	713.23376	-3.586164	-2122.1172	-259.02753	612.3854	-3.3636878	-2077.1035	175.21053	109.7	35999	-29.76992	8.358738	10.401071	-42.34502	27.950554	10.187547	820.0982503890991
10	-307.22937	720.15454	-3.4011927	-2526.7944	-682.5211	980.55975	-3.338118	-2192.3909	131.0	312.4	39999	-33.8675	9.509644	13.172793	-48.62169	32.306877	12.264824	922.6494159698486
11	-281.91547	661.48047	-3.199313	-2646.3394	-567.77765	940.5329	-3.6698594	-2691.9414	114.40741	215.0	43999	-37.120758	10.469625	20.012491	-56.368275	35.324245	14.399533	1014.0898025035858
12	-294.09772	700.60583	-3.1026554	-2809.5452	-441.06842	742.36035	-3.7688367	-2357.0178	118.97561	189.2	47999	-38.423363	11.86326	18.709036	-54.453583	36.673798	17.239292	1102.7284581661224
13	-237.87006	562.385	-3.2855659	-2309.5596	-938.31824	893.7283	-4.9512453	-2423.9878	108.57143	464.5	51999	-40.68942	12.667213	58.26742	-82.99516	38.853516	19.007875	1224.7208795547485
14	-1236.194	636.4295	-238.0164	-2251.3044	-1007.51886	1056.6387	-2.906326	-2369.0369	566.8571	442.2	55999	-22.371204	12.072449	31.776464	-53.456245	19.263613	10.496563	1343.155825138092
15	-842.001	944.4317	-3.857401	-2493.198	-422.60245	647.35376	-4.867931	-1954.5958	353.41666	217.8	59999	-18.903296	7.2151694	32.213146	-32.012684	17.103113	5.4005804	1435.1315567493439
16	-265.2066	568.15076	-2.8459938	-2004.5494	-27.488678	44.28671	-2.7389834	-145.61926	136.17241	10.8	63999	-25.145287	7.727638	45.874123	-41.23278	23.455248	6.659752	1502.1882891654968
17	-171.41086	455.43387	-2.9664435	-2329.0745	-295.72745	656.2752	-3.117952	-2207.842	74.4902	134.6	67999	-31.53653	9.451958	16.240732	-49.841316	30.084461	9.282459	1584.6022248268127
18	-347.65775	661.9643	-3.6157582	-2172.5127	-245.37534	691.8834	-3.1567187	-2320.2224	154.66667	105.4	71999	-39.03827	12.551636	28.69249	-77.233246	37.517136	14.60935	1663.5456974506378
19	-115.975044	314.69916	-2.510022	-1916.4303	-196.25246	345.61145	-3.6638105	-1044.2205	51.808823	86.6	75999	-42.265743	15.6171465	25.388916	-65.14217	40.745193	21.739805	1739.756670475006
20	-197.95015	458.8302	-3.1510565	-2097.7979	-855.40076	938.5451	-3.4725652	-2277.0698	89.5	376.1	79999	-43.11038	15.70847	17.960112	-65.92307	41.349384	23.639727	1852.1056697368622
21	-443.70084	785.2489	-3.003659	-2314.0283	-313.90244	747.38293	-3.3403087	-2517.539	204.5238	121.7	83999	-42.52666	15.852488	24.237984	-64.74963	40.84764	23.139227	1933.0910840034485
22	-309.18683	609.07227	-3.902892	-2401.124	-403.57446	798.30035	-4.2563744	-2547.0247	121.48276	164.1	87999	-44.119595	16.186872	34.952305	-73.27832	42.485523	24.841753	2020.5679004192352
23	-402.32346	703.5499	-3.4904032	-2542.8674	-347.95663	640.9005	-3.055662	-2214.6748	160.34782	142.3	91999	-43.59885	15.313514	33.204803	-66.05054	41.86329	22.253656	2104.7463731765747
24	-473.85672	810.3164	-3.5666053	-2277.5068	-38.633213	56.089546	-2.9113102	-183.95134	211.54546	14.2	95999	-45.530884	14.551465	20.350582	-67.09902	44.036022	20.378128	2172.537585258484
25	-243.69543	490.26297	-2.8913662	-2175.1882	-293.3321	690.4529	-3.0474672	-2306.4097	110.30769	125.3	99999	-47.374966	15.460791	16.828278	-71.49576	45.615944	22.568422	2254.9342210292816
26	-194.89459	438.4084	-3.191919	-2247.367	-261.4637	655.69104	-3.5055997	-2223.29	87.977776	116.2	103999	-42.633095	13.504586	40.50124	-67.981	40.73961	18.159477	2336.18234872818
27	-241.42834	486.0042	-3.2594206	-2151.0344	-31.00965	40.983303	-3.1667523	-105.75318	108.08572	14.3	107999	-43.062714	13.8449335	30.481873	-62.480213	41.52114	17.740244	2405.431022644043
28	-438.5242	673.80084	-2.8286011	-2179.985	-314.56808	634.286	-2.8089862	-2168.2883	201.57895	137.9	111999	-44.35817	14.44186	29.977388	-64.44977	42.75923	19.161476	2489.7359273433685
29	-236.49347	496.35593	-3.7050223	-2128.755	-325.61002	572.658	-3.0479097	-1945.6766	106.57143	150.6	115999	-44.77251	15.069652	35.3574	-65.21052	43.18572	20.175146	2575.5944368839264
30	-217.59435	492.4955	-3.0799665	-2187.9094	-421.1377	767.5799	-3.570175	-2076.1692	98.891304	199.8	119999	-46.412457	14.626475	37.08947	-78.01973	44.897182	18.407738	2667.9124591350555
31	-323.34293	711.2066	-3.63185	-2501.5618	-541.50903	990.00183	-2.8221788	-2515.292	139.84616	216.8	123999	-47.2131	15.070406	19.439924	-71.91356	45.61546	19.641504	2762.8116676807404
32	-537.43427	873.5581	-4.000176	-2500.7798	-316.66373	725.0548	-3.3057032	-2458.387	234.47058	125.2	127999	-49.592285	16.05601	19.893951	-73.60238	48.17854	21.35879	2845.6480627059937
33	-179.14485	460.45316	-2.8224201	-2266.9165	-644.94855	938.8128	-3.4347281	-2415.048	77.0	277.9	131999	-52.06909	16.783665	24.707403	-79.705185	50.705914	22.80132	2948.120147705078
34	-1108.1833	1022.94653	-3.9515197	-2387.2302	-379.08685	676.5623	-4.8282347	-2276.9326	484.7143	167.1	135999	-55.10961	18.45793	30.909563	-79.58447	53.7555	26.685175	3036.7766060829163
35	-268.87006	632.25336	-2.7794764	-2414.288	-304.30777	714.8688	-3.9166155	-2418.3774	116.475	127.2	139999	-56.987717	20.172483	34.154552	-86.154366	55.529125	31.023136	3121.3038947582245
36	-236.13821	585.6018	-2.9178758	-2322.1282	-104.47606	156.73294	-3.1941838	-436.27942	103.1579	46.5	143999	-56.38938	20.093716	20.175516	-88.49828	54.635857	31.813229	3195.926219701767
37	-201.77684	489.11542	-2.565589	-2332.3809	-161.49655	270.6651	-3.4639404	-856.6398	91.210526	74.9	147999	-52.948574	18.880322	20.974539	-87.9738	51.45354	27.394207	3274.4356632232666
38	-627.84186	854.1123	-4.118503	-2300.2505	-119.86517	145.6479	-3.698171	-441.70374	282.6	53.8	151999	-57.29532	19.904297	20.76749	-86.53763	55.999084	29.858328	3349.498409509659
39	-175.88268	470.6802	-2.8548608	-2291.1177	-322.1101	718.42126	-3.5134606	-2345.3455	77.30909	136.7	155999	-57.80118	20.159794	27.278788	-94.73017	56.12869	31.512386	3435.4254310131073
40	-550.8462	791.5561	-2.9440691	-2241.8528	-283.57233	657.3984	-2.8165348	-2233.9688	240.35294	127.3	159999	-56.416016	19.205559	30.75293	-87.08599	55.055054	29.47682	3519.6765875816345
41	-143.93652	384.925	-2.5825007	-2270.3994	-286.88004	606.2134	-3.1623769	-1917.3032	65.327866	122.7	163999	-60.387306	21.322145	27.24264	-87.93092	58.988968	34.144867	3604.671838760376
42	-569.6848	751.43243	-4.217985	-2478.297	-514.5287	695.1318	-6.240907	-2326.8525	260.75	249.3	167999	-50.35786	17.429918	20.519218	-87.45475	48.05345	24.476173	3703.9585525989532
43	-949.6408	1113.6781	-5.1055193	-2509.43	-262.11127	657.20654	-4.0045075	-2216.6084	398.7	119.0	171999	-45.293957	14.169606	47.18986	-68.94515	43.788204	20.355919	3787.5370976924896
44	-285.01172	627.36975	-3.1843414	-2223.3655	-414.23633	668.7741	-4.233026	-2055.1697	132.44118	187.4	175999	-48.32228	15.821513	24.43999	-76.88604	46.951283	22.257835	3879.8195922374725
45	-137.9977	370.76718	-2.9723375	-2417.6472	-636.8159	1027.5112	-3.3844156	-2751.5984	55.605633	260.7	179999	-52.806477	15.354289	21.331161	-78.72789	51.45123	21.59477	3981.7956264019012
46	-273.78177	645.8766	-3.3162293	-2561.8657	-224.12411	364.8855	-4.071462	-1222.7277	118.297295	117.3	183999	-54.11274	17.449173	48.26438	-78.377525	52.656094	27.2175	4066.1072647571564
47	-960.1146	1007.9131	-4.808634	-2237.2349	-1031.3645	824.7145	-3.884951	-2030.6238	437.625	515.3	187999	-51.91096	20.545473	63.043934	-92.054634	50.083412	31.383558	4199.202601671219
48	-598.2642	829.56726	-3.4704368	-2235.2764	-226.47823	399.50677	-4.208174	-1268.8262	291.2	121.3	191999	-46.723236	22.730688	84.51927	-79.87861	44.744743	32.728127	4283.485264778137
49	-489.73074	585.069	-4.4868846	-2010.2202	-409.57153	661.29095	-3.852249	-2004.1483	228.23529	190.5	195999	-38.577484	23.04029	90.92546	-69.63592	36.333275	31.889746	4376.335096120834
50	-771.4926	684.65	-4.8298607	-2016.4602	-1204.2781	948.96326	-5.2139955	-2266.6348	357.41666	573.9	199999	-37.62254	20.945303	55.7366	-66.98525	36.09636	26.011555	4516.317432165146
