Epoch	AverageEpRet	StdEpRet	MaxEpRet	MinEpRet	AverageTestEpRet	StdTestEpRet	MaxTestEpRet	MinTestEpRet	EpLen	TestEpLen	TotalEnvInteracts	AverageQVals	StdQVals	MaxQVals	MinQVals	LossPi	LossQ	Time
1	-264.99408	436.6311	-2.4617062	-1436.78	-117.834435	298.42456	-2.273977	-1008.58984	189.95	111.3	3999	-5.4517007	2.0654328	0.33619976	-9.419017	4.557091	0.13184713	67.26721000671387
2	-255.79056	461.18527	-2.505816	-1537.4723	-155.00829	321.25916	-1.9416234	-1085.45	189.05	129.9	7999	-8.36976	0.76496595	-2.6157506	-10.800396	7.0954094	0.2149814	136.0829839706421
3	-190.80388	359.62296	-2.5275273	-1522.8134	-246.23601	332.39227	-1.8414128	-770.7767	148.10345	292.2	11999	-9.649106	1.483285	-1.5910531	-14.5430765	8.546306	0.3121255	223.3350908756256
4	-106.61439	210.89818	-1.5524511	-904.9242	-301.1714	465.32108	-2.6109092	-1242.0466	99.48781	247.0	15999	-14.91726	2.3618522	18.376589	-20.908472	14.042059	1.3307639	307.0604479312897
5	-192.07692	319.27768	-2.5005724	-1042.6659	-64.104904	170.6094	-2.1556365	-574.63257	175.0	76.9	19999	-18.52205	2.6653821	10.701108	-23.169514	17.604567	2.1027386	371.93881702423096
6	-304.34763	328.44653	-2.119987	-946.0664	-3.117731	0.6135575	-2.2255063	-4.25915	324.0	1.1	23999	-20.268347	3.043134	2.5256739	-25.455164	19.441273	2.1705582	426.69487166404724
7	-192.85352	322.0646	-1.6537023	-1067.8588	-170.22395	271.12558	-2.7240167	-824.349	171.40741	141.7	27999	-24.765135	4.254604	3.1177022	-32.325405	24.057472	3.530684	497.5559902191162
8	-218.89268	361.32068	-1.6464566	-1251.9558	-178.9834	323.76654	-1.7352448	-1066.7847	175.22728	138.3	31999	-24.216366	4.4432597	3.637867	-32.180305	23.332281	3.6681323	567.5483825206757
9	-204.03262	389.05695	-1.7760948	-1258.8535	-355.4546	406.76022	-2.6235225	-1043.3843	173.5238	333.3	35999	-24.887915	4.4785843	2.9117882	-31.905216	24.021887	3.9879782	660.7262845039368
10	-179.36642	303.4865	-2.0078716	-1098.7203	-165.13887	341.08447	-1.5965456	-1161.1476	150.96774	137.0	39999	-24.639738	4.4411225	1.0508876	-31.79768	23.757128	3.7139356	730.8175888061523
11	-191.106	351.02045	-1.6075629	-1127.2295	-125.6422	321.08698	-2.7344356	-1087.149	168.45454	112.3	43999	-24.821665	4.565347	2.5922744	-32.890667	24.030481	3.8682694	797.8676769733429
12	-92.24403	226.85808	-1.705221	-1021.11127	-166.67218	236.93912	-2.3885155	-718.93243	87.510635	166.9	47999	-25.724607	5.2470245	-0.6406152	-35.309853	24.94125	4.2205076	871.6256303787231
13	-184.84169	300.23233	-3.0866122	-849.6611	-52.731037	83.97043	-2.673074	-262.40582	207.19048	53.6	51999	-27.004032	5.247167	-0.28514588	-37.427444	26.283644	4.2490773	931.9815897941589
14	-166.67526	244.38025	-2.95967	-806.41315	-112.98677	141.15498	-2.182601	-340.25525	191.17647	108.2	55999	-27.832497	5.8075385	13.865251	-38.060394	27.088142	4.6050467	998.7627756595612
15	-152.45682	282.54102	-2.691219	-1015.5239	-148.87051	198.84712	-2.6143508	-646.8525	158.16667	149.3	59999	-28.79101	5.3880405	6.0302577	-40.519787	28.093737	4.553985	1070.4940919876099
16	-103.71323	239.23297	-2.0774755	-979.47797	-152.68547	310.47943	-2.2602534	-1024.6357	93.47619	134.5	63999	-28.559547	5.0724816	8.943661	-42.293434	27.723827	4.5408893	1140.7835235595703
17	-244.51967	391.931	-2.2432828	-1154.2736	-165.22972	360.22845	-2.140807	-1221.0546	210.5	136.0	67999	-27.566216	5.2712517	13.200208	-36.130405	26.805246	4.5425234	1210.879734992981
18	-226.98575	417.64886	-2.079299	-1231.3276	-250.06084	379.7981	-2.2424424	-995.0235	190.0	249.2	71999	-28.313684	5.409944	11.184432	-36.943558	27.700134	4.3457274	1293.8434493541718
19	-95.89882	207.23535	-1.9412522	-1024.49	-191.12297	260.68585	-2.3617375	-696.68646	89.45	181.1	75999	-29.867517	6.130807	10.52755	-39.299934	29.192997	5.1434255	1369.2624843120575
20	-66.60935	179.41806	-2.1766336	-999.94775	-125.14671	288.7584	-2.4607937	-981.59827	62.49206	115.3	79999	-30.57477	6.1920404	10.831604	-38.05591	29.925106	5.317351	1437.648116350174
21	-263.17252	399.98608	-2.0711997	-1032.2544	-105.81205	158.73224	-2.9475818	-498.4532	264.70587	99.1	83999	-31.653746	6.9008365	12.69115	-39.69342	31.016708	5.9757113	1503.5326519012451
22	-233.14314	398.6603	-2.0041084	-1166.6932	-151.07065	226.13986	-2.5050957	-595.22955	199.21053	109.8	87999	-31.79844	6.490661	8.52503	-40.12889	31.098114	5.715491	1570.9207739830017
23	-274.9376	432.65378	-1.6959157	-1141.0789	-50.644093	85.8679	-2.0621722	-226.92987	243.76471	42.7	91999	-32.3341	6.3821893	5.804224	-43.107574	31.708206	5.4889503	1630.3728606700897
24	-188.7461	292.48764	-2.0964925	-893.58984	-172.70325	337.6989	-2.204966	-891.2243	182.77272	172.2	95999	-33.551407	7.188332	6.6494107	-42.095654	32.9334	6.2685637	1704.4245038032532
25	-143.2223	321.74207	-2.3058743	-980.66956	-107.26168	274.57043	-2.8388023	-925.3308	143.22728	108.9	99999	-33.402946	7.581819	5.106169	-41.658466	32.689423	6.5656543	1771.090740442276
26	-243.1848	403.03708	-2.1906316	-1009.58563	-206.64754	375.50064	-2.822301	-974.8452	245.58824	207.7	103999	-33.2849	7.7621536	9.756667	-41.884705	32.63536	6.5591974	1849.0531747341156
27	-128.02136	253.65814	-1.9774917	-926.1707	-196.4382	262.15262	-3.3430536	-763.4705	116.89474	168.1	107999	-34.021244	7.493997	5.4505835	-41.771675	33.41986	6.276024	1922.7571675777435
28	-196.28622	316.85532	-2.145958	-977.4536	-3.7353482	0.9938655	-2.3956058	-5.557806	184.8421	1.8	111999	-34.45889	7.8807473	12.208757	-42.280357	33.79832	6.937994	1977.2457106113434
29	-205.57741	396.65704	-2.244285	-1244.1864	-360.1307	389.24344	-1.4455844	-1169.5952	174.26923	283.3	115999	-33.468185	7.6228323	9.810705	-41.83736	32.742237	6.518512	2064.3512802124023
30	-93.51836	224.53664	-2.05007	-1094.579	-45.981323	105.65233	-1.7551852	-359.4458	74.666664	36.7	119999	-33.415546	7.668107	14.321049	-41.28643	32.786797	6.9265947	2123.689342021942
31	-141.31624	283.6311	-1.5928683	-1118.2921	-219.84119	357.1735	-2.5773306	-1021.3945	121.21429	204.5	123999	-33.25041	8.168637	16.69015	-41.770664	32.569057	7.359596	2202.189366340637
32	-89.42272	213.24806	-1.737325	-1023.9433	-208.10043	364.2669	-2.20163	-1025.2733	78.37288	197.2	127999	-32.682114	8.5495825	9.439122	-42.52127	31.961292	7.3350253	2280.216412782669
33	-224.88062	365.69955	-2.4292147	-1036.6329	-133.60779	323.7615	-2.0377347	-1097.2198	209.95	119.1	131999	-31.745787	8.476167	11.31101	-39.853214	31.003685	7.2731133	2348.3734860420227
34	-180.65279	346.3286	-1.9567858	-1054.9315	-93.77874	255.14095	-1.925759	-858.31244	162.04	85.4	135999	-30.88016	8.427821	9.949503	-39.83868	30.153364	7.3344574	2412.8412652015686
35	-170.46994	389.1087	-1.4803168	-1651.1348	-159.08932	311.05826	-2.6108072	-1068.105	133.33333	100.0	139999	-30.495663	8.188017	9.577317	-39.07428	29.682976	6.809775	2478.882630109787
36	-248.69788	420.26746	-2.6409175	-1219.5483	-194.74487	337.51285	-1.6216224	-995.24664	215.05882	187.5	143999	-29.276752	7.4906964	7.542179	-40.065994	28.578203	5.852252	2555.0091831684113
37	-174.05995	327.82846	-1.8138278	-1234.5312	-104.38965	139.1127	-2.5708168	-424.1798	158.79167	100.8	147999	-29.272657	7.3429203	8.256081	-37.88453	28.6053	5.487835	2621.3578276634216
38	-111.511	227.58327	-2.179233	-900.3543	-175.30856	328.79987	-3.438488	-990.1748	110.289474	182.7	151999	-31.38781	7.9223547	8.5236845	-42.214684	30.824163	5.994642	2697.2344205379486
39	-148.5825	262.53946	-2.2938945	-918.229	-194.83182	280.98984	-2.4408734	-907.5594	155.18518	189.7	155999	-33.18082	8.294763	5.945341	-43.091	32.56529	6.6542363	2774.049760580063
40	-110.2092	221.55025	-2.077714	-943.6486	-181.27466	253.78467	-3.0603206	-768.0589	111.02702	214.3	159999	-33.32066	8.573895	11.390173	-44.33897	32.647743	6.9196396	2853.7776396274567
41	-111.829636	223.33434	-2.3110058	-845.8327	-14.235537	24.86769	-2.1324	-88.27619	130.74193	7.8	163999	-32.63945	8.636786	9.857527	-41.90608	31.916328	6.667143	2909.490629673004
42	-119.11435	242.23633	-2.2267528	-781.734	-29.418873	52.53343	-2.0099273	-146.74936	143.04546	26.9	167999	-31.741917	8.546979	11.848256	-41.039684	31.048063	6.441045	2967.3730685710907
43	-136.94855	272.28815	-2.0984538	-848.3407	-59.24293	68.76957	-2.3760924	-196.14604	159.36	47.3	171999	-31.914333	8.639182	14.270694	-40.846256	31.249817	6.4032764	3027.7346019744873
44	-141.86311	272.3894	-2.2454374	-960.3617	-182.34004	356.05753	-2.7463362	-902.7583	162.53334	201.6	175999	-31.789608	9.009394	11.1386385	-41.712025	31.087227	7.2701283	3106.065277814865
45	-132.67679	306.1718	-1.6054897	-1120.4395	-155.21622	315.10263	-2.62634	-1031.1185	122.92857	131.0	179999	-29.712114	10.498355	16.072874	-40.985535	28.77761	10.133858	3176.112515926361
46	-184.87825	315.6269	-2.3660893	-1120.014	-125.71092	309.2035	-2.7043593	-1047.1685	157.13792	112.9	183999	-26.544083	9.843932	15.384349	-36.68792	25.745378	8.353401	3244.3822338581085
47	-79.646935	177.65926	-2.1246016	-1074.5565	-16.513174	36.706615	-1.98578	-126.544624	60.796295	12.4	187999	-26.49455	8.489739	13.871708	-36.061485	25.821115	5.9452252	3301.148559808731
48	-146.34828	301.58902	-1.8297544	-1133.7441	-16.368542	26.766794	-2.145112	-94.63092	122.86842	10.0	191999	-29.072565	8.221905	8.326934	-39.06237	28.529308	5.550701	3357.2685561180115
49	-158.21918	317.52283	-2.365292	-1052.4279	-6.650444	7.2755203	-1.6216378	-21.502	146.2963	3.3	195999	-31.787966	8.462535	8.187694	-41.761234	31.258783	5.9426837	3412.550047159195
50	-104.85066	240.79218	-2.3260376	-1039.6659	-149.14145	334.6816	-2.43322	-1134.8885	93.92308	130.4	199999	-34.57172	9.11276	12.160158	-44.86437	34.06772	6.870903	3482.972321510315
